0.006822
0.006806
0.00684
0.006841
0.006839
0.006844
0.00687
0.006853
0.006847
0.006875
0.006913
0.006918
0.006903
0.006858
0.006856
0.006882
0.006862
0.006897
0.006877
0.006877
0.006882
0.006899
0.006868
0.006836
0.006836
0.006855
0.006852
0.006901
0.006916
0.006987
0.006962
0.006942
0.0069
0.006912
0.006887
0.006885
0.006924
0.006918
0.006918
0.00693
0.006955
0.006952
0.006919
0.006927
0.00693
0.006912
0.00688
0.006881
0.006872
0.0069
0.006868
0.006868
0.006893
0.006906
0.006891
0.006881
0.006867
0.006833
0.006849
0.006827
0.006848
0.006761
0.006761
0.006765
0.006774
0.006784
0.00676
0.006706
0.006736
0.006772
0.006751
0.006728
0.006739
0.006741
0.006774
0.006807
0.006896
0.006908
0.006852
0.006842
0.00684
0.006855
0.006838
0.006862
0.006853
0.006853
0.006837
0.006823
0.006806
0.006773
0.006811
0.006805
0.00679
0.006806
0.00681
0.006804
0.006783
0.006807
0.00681
0.006826
0.006831
0.006834
0.006838
0.006833
0.006839
0.006866
0.006856
0.006851
0.006843
0.00684
0.006844
0.006835
0.006857
0.00687
0.006868
0.006864
0.006867
0.006853
0.006862
0.006869
0.006877
0.006897
0.006871
0.006877
0.006905
0.00689
0.006908
0.006924
0.00694
0.006931
0.006906
0.006907
0.006908
0.006908
0.006917
0.006913
0.00691
0.006924
0.006947
0.006946
0.006939
0.006923
0.00693
0.006931
0.006902
0.006891
0.006874
0.006864
0.00686
0.006866
0.006877
0.006859
0.006865
0.006849
0.006841
0.006838
0.00685
0.006873
0.006861
0.00685
0.006849
0.006852
0.006861
0.006855
0.00686
0.00686
0.006844
0.006815
0.006817
0.006824
0.006809
0.006805
0.006797
0.0068
0.006808
0.006796
0.006797
0.006798
0.006784
0.006785
0.006764
0.006771
0.006804
0.006783
0.006779
0.006775
0.006768
0.006752
0.00673
0.006728
0.006732
0.006738
0.006593
0.006485
0.006489
0.006484
0.0064
0.006418
0.00641
0.006433
0.00643
0.006443
0.006487
0.006495
0.006499
0.006599
0.00659
0.006609
0.006671
0.006618
0.006602
0.006596
0.006533
0.006564
0.006531
0.006544
0.006533
0.006543
0.006482
0.006485
0.006503
0.006522
0.006528
0.006448
0.006417
0.006437
0.006466
0.006458
0.00645
0.006464
0.006433
0.006404
0.006371
0.006373
0.0064
0.006373
0.006382
0.0064
0.006394
0.006391
0.006378
0.006327
0.006393
0.00645
0.006438
0.006419
0.006411
0.006358
0.006357
0.006362
0.006322
0.006287
0.006262
0.006277
0.00622
0.006262
0.006312
0.006364
0.006362
0.006368
0.006361
0.006445
0.006514
0.006435
0.006425
0.00644
0.00645
0.006445
0.006449
0.006457
0.006429
0.006454
0.006487
0.00647
0.00651
0.006473
0.006478
0.006471
0.006465
0.006489
0.006461
0.006479
0.00645
0.006474
0.006484
0.006466
0.006491
0.006501
0.006521
0.006521
0.006514
0.006555
0.00654
0.006516
0.006525
0.006519
0.006515
0.00651
0.006529
0.006539
0.006543
0.00652
0.006516
0.006526
0.006519
0.006531
0.006532
0.006511
0.006501
0.006513
0.006505
0.006513
0.006507
0.0065
0.006515
0.006514
0.006503
0.006491
0.006496
0.00648
0.006467
0.006489
0.006473
0.006461
0.006445
0.006464
0.006466
0.006473
0.006472
0.00646
0.00646
0.006457
0.006458
0.006462
0.006449
0.006437
0.006435
0.006422
0.006444
0.006426
0.006414
0.006427
0.006435
0.006454
0.006464
0.006491
0.006521
0.006521
0.006535
0.006544
0.006543
0.006598
0.006586
0.006563
0.006572
0.006549
0.006537
0.006545
0.00655
0.006562
0.006555
0.006549
0.006549
0.006565
0.006557
0.006553
0.006551
0.006552
0.006537
0.006531
0.006517
0.006548
0.006537
0.006542
0.006561
0.006535
0.006533
0.006531
0.006511
0.006514
0.006531
0.006537
0.006539
0.006531
0.006529
0.006544
0.006559
0.006549
0.006568
0.006574
0.006572
0.006569
0.006566
0.006588
0.006585
0.006574
0.006574
0.006555
0.006576
0.006575
0.006586
0.006594
0.006583
0.006568
0.006568
0.006564
0.006566
0.006572
0.006576
0.006568
0.00655
0.006556
0.006558
0.006565
0.006554
0.006542
0.006536
0.00653
0.006534
0.006509
0.006518
0.006512
0.006538
0.006552
0.006571
0.00657
0.006568
0.006585
0.006574
0.006589
0.006575
0.006574
0.006567
0.006579
0.006585
0.006598
0.00666
0.00667
0.006663
0.006685
0.006708
0.006693
0.006676
0.006685
0.006721
0.006727
0.006736
0.006728
0.006734
0.006688
0.006682
0.006668
0.006671
0.006677
0.006667
0.006653
0.006645
0.006629
0.006637
0.006625
0.006651
0.006653
0.006625
0.006599
0.006609
0.006609
0.006614
0.006609
0.006622
0.006629
0.006629
0.00661
0.006598
0.006588
0.006565
0.006583
0.006567
0.006581
0.006597
0.006605
0.006641
0.006598
0.006595
0.006622
0.006624
0.006611
0.006609
0.006607
0.006603
0.006634
0.006646
0.00667
0.006675
0.006644
0.006648
0.006652
0.006623
0.006612
0.00662
0.006644
0.006637
0.006623
0.006622
0.006644
0.006608
0.006599
0.006592
0.006583
0.006618
0.006612
0.006614
0.006624
0.006642
0.006645
0.006654
0.006659
0.006704
0.006679
0.006674
0.006666
0.006687
0.006689
0.006656
0.006678
0.006664
0.006653
0.006683
0.006715
0.006721
0.006693
0.006696
0.006703
0.006677
0.006702
0.006693
0.006711
0.006734
0.006753
0.006756
0.006754
0.006738
0.006736
0.00673
0.006743
0.006756
0.006742
0.006715
0.006721
0.006708
0.006707
0.0067
0.006691
0.006725
0.006732
0.006717
0.006717
0.006699
0.006723
0.006691
0.006711
0.00672
0.006704
0.006703
0.0067
0.006696
0.006697
0.006712
0.006708
0.00671
0.006725
0.006741
0.006736
0.006727
0.006727
0.006727
0.006744
0.006753
0.006749
0.006734
0.006729
0.00676
0.006752
0.006736
0.006774
0.006772
0.006769
0.006783
0.006774
0.006772
0.006766
0.00676
0.006785
0.006778
0.00676
0.006747
0.006758
0.006791
0.006821
0.006864
0.006906
0.006886
0.006902
0.006867
0.006891
0.006883
0.00686
0.006861
0.006873
0.006866
0.006869
0.006859
0.006862
0.006883
0.00685
0.006854
0.006836
0.006832
0.006846
0.006832
0.006832
0.00683
0.00684
0.006822
0.006811
0.006801
0.006792
0.006808
0.006813
0.006825
0.006831
0.006846
0.006859
0.006832
0.006819
0.006816
0.0068
0.006827
0.006809
0.006786
0.006792
0.006775
0.006775
0.006772
0.006752
0.006752
0.00675
0.00674
0.006738
0.006739
0.006741
0.006735
0.006739
0.006763
0.006775
0.006776
0.006794
0.006808
0.006856
0.006832
0.006803
0.006823
0.006793
0.006774
0.006773
0.006775
0.006773
0.006771
0.006763
0.006766
0.00675
0.006769
0.006763
0.006753
0.006762
0.006731
0.006719
0.006738
0.006748
0.006747
0.006762
0.006764
0.006757
0.006773
0.00678
0.006818
0.006827
0.006847
0.006808
0.006792
0.006814
0.006808
0.006796
0.006799
0.006778
0.006772
0.006781
0.006749
0.006757
0.006763
0.00675
0.006748
0.006757
0.006754
0.00674
0.006746
0.006737
0.006734
0.006714
0.006728
0.006711
0.006715
0.006723
0.006699
0.006709
0.006708
0.006701
0.006685
0.0067
0.0067
0.006722
0.006724
0.006717
0.00671
0.006708
0.006695
0.006696
0.006712
0.006728
0.00674
0.00675
0.006743
0.006752
0.006735
0.006735
0.006745
0.006734
0.006762
0.006729
0.006749
0.00677
0.006796
0.006778
0.006801
0.006811
0.0068
0.006867
0.006858
0.006878
0.006858
0.006876
0.006881
0.006854
0.006864
0.006862
0.006845
0.006854
0.006855
0.006881
0.006875
0.006872
0.006882
0.006855
0.00684
0.006867
0.006887
0.006889
0.006974
0.006944
0.006931
0.006931
0.006926
0.00696
0.006965
0.006971
0.006972
0.006925
0.006889
0.006926
0.006963
0.00699
0.006995
0.007011
0.006982
0.006974
0.007005
0.007005
0.007015
0.006985
0.006944
0.00691
0.006899
0.006888
0.006908
0.006948
0.006923
0.006924
0.006905
0.006887
0.006946
0.006937
0.006919
0.006927
0.006893
0.006881
0.006886
0.006919
0.006918
0.006921
0.006937
0.006918
0.006931
0.006937
0.006925
0.006924
0.006945
0.006921
0.006944
0.006998
0.007028
0.007029
0.007009
0.007001
0.007007
0.007035
0.006999
0.007013
0.007025
0.006982
0.006988
0.006989
0.006922
0.006905
0.006915
0.006939
0.00693
0.006912
0.006901
0.006894
0.006908
0.006928
0.006932
0.006925
0.006921
0.006919
0.006977
0.006979
0.006992
0.006972
0.006984
0.006998
0.007008
0.007005
0.007011
0.007037
0.007025
0.007016
0.007005
0.007019
0.007006
0.006993
0.007005
0.007005
0.007018
0.006997
0.007007
0.007005
0.006989
0.006976
0.00699
0.006999
0.007021
0.007007
0.007004
0.007016
0.007013
0.007002
0.007001
0.006994
0.006977
0.006986
0.007008
0.00697
0.006994
0.006991
0.006968
0.006956
0.00699
0.007
0.00701
0.007008
0.007021
0.007018
0.007013
0.006989
0.006985
0.00696
0.006969
0.00696
0.006976
0.006967
0.006964
0.006938
0.006906
0.006912
0.006888
0.006871
0.006854
0.00683
0.006839
0.006826
0.006801
0.006816
0.006852
0.006811
0.006769
0.006784
0.006761
0.006769
0.006751
0.006757
0.006748
0.006707
0.006735
0.006719
0.006737
0.00673
0.006751
0.00676
0.00681
0.006837
0.006837
0.006804
0.00676
0.006788
0.006762
0.006754
0.006743
0.006779
0.006792
0.00683
0.006852
0.006846
0.006814
0.006805
0.006843
0.00685
0.006863
0.006838
0.006812
0.006818
0.00681
0.006824
0.0068
0.006799
0.006808
0.006794
0.006795
0.006791
0.006782
0.006763
0.006771
0.006786
0.006764
0.006787
0.006774
0.006763
0.006759
0.006754
0.006766
0.006763
0.006773
0.006775
0.006759
0.006761
0.006753
0.006723
0.006716
0.006745
0.006745
0.006723
0.006717
0.006724
0.006731
0.006714
0.006689
0.006714
0.006728
0.006703
0.006735
0.006731
0.006735
0.006735
0.00671
0.006682
0.006677
0.006724
0.006708
0.006697
0.006682
0.006677
